2154	2153	2155
1:840001-3780000	3.43066157760814	3.48489409740888	2.7641623141824
1:3780001-12760000	4.06254639940609	3.93528655227579	3.30148868831321
1:13360001-229600000	3.64968071944076	3.54158983243045	3.74592420052325
1:229820001-248840000	2.34917582417582	2.211221173193	2.47975708502024
2:60001-10200000	6.63468013468013	5.53680466638213	6.19585326953748
2:10380001-77220000	5.77435309457224	4.68366609484123	5.28077107459062
2:77220001-78480000	4.51977401129944	3.54953449510623	4.49241748438894
2:78480001-88940000	5.46893274853801	4.38349394613294	4.90131578947368
2:94480001-141460000	2.94045899534585	2.24438687977649	2.5253528621747
2:141600001-238020000	4.23149025448462	3.38438741884336	4.00968826281969
2:238180001-239320000	3.27777777777778	2.5836422041018	2.51615881809788
2:239400001-241940000	3.98002754820937	3.52275637294843	3.29752066115702
3:20001-4.1e+07	3.67998837981408	3.32817322260255	4.02089012371566
3:41280001-59900000	4.09054399415845	3.88928312481681	3.84631348359947
3:61000001-81120000	3.40990534144692	3.04072508070737	3.94117647058823
3:81380001-84740000	5.20381526104418	4.84676735109452	6.20133164235891
3:84920001-126280000	4.63866631054131	4.1391221259179	5.21077935222672
3:127120001-128480000	6.7843137254902	5.86495443247722	6.00232198142415
3:130020001-167860000	5.94064422728918	5.39327277454084	6.75172867020973
3:167860001-169100000	7.18785310734463	6.78801623299117	8.38626226583408
3:169100001-184580000	6.41600963644328	5.90884862393811	7.13265094404869
3:184580001-186820000	7.85885885885886	7.35249333840883	7.54623044096728
3:186860001-188780000	6.53351449275362	5.79776484996938	7.05377574370709
3:188780001-197960000	7.17770167427701	6.78191523570648	7.00264359528959
4:100001-189960000	3.62406313991176	3.20219545489158	3.7056883547077
5:80001-59800000	3.52904222397182	3.07420592669314	3.88751301383778
5:59800001-60980000	3.26169590643275	2.87595749938226	3.72483841181902
5:61000001-180920000	3.71678638168652	3.36428980329066	4.14977132740752
6:260001-170480000	5.05604782148779	4.49357261700717	5.14387683360864
7:180001-2700000	8.1659891598916	7.55628077407535	5.9469405220368
7:2740001-6980000	8.08166666666667	7.31894366197183	6.94315789473684
7:6980001-74700000	7.69328859060403	6.70027885433406	7.55088308018368
7:74980001-86400000	7.53170650730412	6.61649177936143	7.5516879849025
7:86500001-110660000	6.57980103806228	5.67319313806716	6.27212711710071
7:110700001-159240000	6.64595937770095	5.52847334656165	6.42512395942319
8:260001-8220000	4.35188087774295	3.85813943220451	4.59808612440191
8:8240001-12560000	5.45142602495544	5.05656398282745	5.2231916690121
8:12600001-133020000	4.87909457900807	4.3822554705395	5.30017301038062
8:133160001-137180000	5.44201030927835	4.94700159721214	6.366250678242
8:137360001-139580000	4.46136363636364	3.96773367477593	5.08995215311005
8:140440001-144540000	5.00618811881188	4.73239436619718	4.08546117769672
9:260001-38740000	4.65887068357999	4.34458654676473	5.07524757983754
9:42680001-137600000	4.88167013167013	4.59605868056572	5.04000125052757
10:120001-120240000	3.87112367633543	3.4241814169742	3.76957291720798
10:121880001-123600000	4.14056224899598	3.84133717970473	3.76474318325935
10:124240001-128760000	3.75975975975976	3.26329146047456	3.68729255571361
10:128960001-131100000	2.38522012578616	1.99030029231996	2.40218470705065
10:131300001-133540000	3.75152905198777	3.37304561312831	3.35007242877837
11:340001-34940000	2.32814371257485	2.2968035759467	2.66255909234163
11:35120001-50040000	4.69686648501362	4.23172276163795	4.74845833930876
11:50400001-66600000	5.07606907894737	5.00340530022239	4.61720914127424
11:66720001-83820000	6.41297846889952	6.3870880787115	6.04148829010325
11:83820001-95320000	5.77549751243781	5.30047824258987	6.41663393558523
11:95540001-134880000	8.3409797822706	7.70478026270636	8.6962156557802
12:120001-55640000	5.33812297734628	4.65230685081362	5.04472151251916
12:55800001-133140000	4.01432601604514	3.49721923181512	3.68326396525564
13:18800001-114300000	3.57754604744499	4.28091187416912	5.03105161312225
14:20060001-104060000	3.58335887627564	3.45719816410743	3.62336056064542
14:104060001-106860000	3.62535612535613	3.52052485855303	2.88933873144399
15:17000001-19940000	4.28571428571428	2.82494969818913	3.06015037593985
15:22760001-23820000	4.10087719298246	3.92550037064492	4.47091412742382
15:24620001-26020000	1.80952380952381	1.96619718309859	2.27669172932331
15:26660001-84140000	4.82874845105328	4.73723231582805	5.07918215613383
15:84520001-101820000	4.72825227362594	4.70407498371009	5.20091153149778
16:240001-34220000	5.44434814086553	4.79697835775146	4.63157087690672
16:34580001-36200000	4.56410256410256	3.88472372697725	4.33279352226721
16:46400001-90040000	5.34919879422497	4.68495216898727	4.69866479621233
17:240001-7560000	5.48030739673391	5.2269350976174	3.97527680873654
17:7680001-18260000	4.93542934415145	4.55486672570922	4.14027970534856
17:19220001-21860000	6.63047138047138	5.89770948925879	5.49069643806486
17:22100001-82940000	6.7504319387881	6.35540305885666	5.43564761589275
18:240001-80160000	3.71518986196981	3.27744932144045	3.6568969081446
19:380001-24240000	2.50714487832484	2.59512422583036	2.13028326333661
19:27400001-36240000	4.46941896024465	4.21139682129474	4.42322549492999
19:36300001-58540000	5.39097222222222	5.15084767866458	4.5203216374269
20:40001-8600000	5.12991967871486	4.5240115391142	4.60291693088142
20:8820001-14660000	7.49207746478873	6.56789327514382	7.20051890289103
20:15360001-26320000	7.15012602394455	6.29825075214995	6.75783504128942
20:28580001-30740000	6.10714285714286	5.45226917057903	6.37009189640768
20:31240001-49400000	8.11547751765143	7.36387331794558	6.86839171507364
20:49580001-50740000	6.53735632183908	6.33122875182127	4.71869328493648
20:51020001-61900000	7.27374301675978	6.34261809216566	6.48279917671273
20:62280001-64140000	7.60960144927536	7.36083894672382	5.43649885583524
21:7900001-10420000	9.16666666666667	7.76995305164319	9.06140350877193
21:13800001-46480000	2.42952772506852	2.26201993746158	2.53573687539532
22:16080001-50600000	4.9656496471565	4.71295143212951	4.23186078521334
