2162	2163	2160	2161
1:820001-2360000	1.75393654524089	1.62512077294686	1.00198191502539	1.81723027375201
1:2360001-28080000	1.01081081081081	1.86666666666667	0.991452991452991	2
1:28140001-32580000	1.92464228934817	1.9868778280543	1.02427775844065	2.05379587732529
1:32720001-248900000	2	2	2	2
2:1-242040000	2	2	2	2
3:1-23380000	2	2.03333333333333	1.99786324786325	2.33333333333333
3:23580001-91320000	1	1	0.997863247863248	1
3:93840001-147160000	2.01621621621622	2	1.99786324786325	1.94444444444444
3:147180001-197960000	2.97837837837838	2	2.00854700854701	2
4:120001-49020000	1	1.96666666666667	1	2
4:51800001-189980000	2	2	2	2
5:1-33780000	2	2.03333333333333	2	2.05555555555556
5:33880001-41720000	1.92432432432432	1.96666666666667	1.01282051282051	2.05555555555556
5:41800001-42940000	2.05318532818533	2.02976190476191	2.77682387057387	2.05555555555556
5:43140001-180920000	2	2	2.01068376068376	1.88888888888889
6:400001-39100000	1	1	1	1
6:39320001-44620000	2.03783783783784	1.96666666666667	2	2.16666666666667
6:44860001-54720000	1	1	1	1
6:56300001-58360000	1.04976152623211	1.00980392156863	1.06686777275013	1.00081699346405
6:60620001-170580000	2	2	2	1.94444444444444
7:20001-1.04e+08	1.98378378378378	2	2.00213675213675	2
7:104260001-156820000	1	1.03333333333333	0.995726495726496	1
8:1220001-6940000	1.98918918918919	1.96666666666667	1.99358974358974	2
8:8260001-9340000	1.13319734829169	1.12201257861635	1.13699403322045	1.0167714884696
8:9540001-1.2e+07	1.98624078624079	1.99834710743802	1.98853923853924	1.98852157943067
8:12720001-39340000	1	1	1	1
8:40080001-47760000	1.99459459459459	2	2	2
8:47980001-72440000	1	1	0.995726495726496	1
8:72580001-85620000	2.99459459459459	3.93333333333333	2.99145299145299	4.33333333333333
8:85820001-144960000	2.98918918918919	3	2.98504273504274	3.16666666666667
9:260001-138100000	2.00540540540541	2	2	2
10:40001-133480000	2	2	2	2
11:340001-45640000	1	1.16666666666667	0.997863247863248	1
11:46560001-135020000	2.00540540540541	2	1.99358974358974	3
12:60001-133240000	2	2	1.9957264957265	1.94444444444444
13:15980001-114240000	2	1.7	2.00641025641026	2.05555555555556
14:19800001-38220000	1	1	1	1
14:38440001-84560000	2	2.03333333333333	2	2
14:84760001-106680000	1	1	1	1
15:17040001-19880000	2.03567567567568	1.8	1.92393162393162	1.88888888888889
15:22780001-101840000	2	2	1.98931623931624	2
16:20001-34040000	2	2	1.99358974358974	2
16:34060001-35200000	2.22123552123552	2.17142857142857	2.17880036630037	2.29761904761905
16:46400001-89880000	2	2	2	2
17:200001-21600000	1	1	1	1
17:26940001-38460000	2.00540540540541	2	2.0042735042735	2
17:39940001-41900000	4.99191975480635	4.98006872852234	5.02683055775839	5.06586483390607
17:42480001-83180000	2.00540540540541	2	1.99786324786325	2
18:120001-24040000	2	2.03333333333333	2.00641025641026	2
18:24220001-80240000	1	1	1.00213675213675	1
19:240001-6760000	1	1	1.00213675213675	1
19:7060001-24160000	1.96216216216216	1.93333333333333	1.95299145299145	1.88888888888889
19:24340001-27320000	2.29189189189189	2.33809523809524	3.15506715506715	2.46825396825397
19:27400001-58440000	2.03783783783784	2.03333333333333	2.88461538461538	1.94444444444444
20:140001-62360000	2	2.03333333333333	2.00213675213675	2
20:62600001-64220000	1.93520355798837	2.00168776371308	1.93522124851239	1.89873417721519
21:13260001-30580000	1	1	1.00213675213675	1
21:30800001-34760000	1.9992563992564	2.08183421516755	1.94973544973545	1.99970605526161
21:34940001-46540000	1	1.03333333333333	1	1
22:11560001-50720000	1.99459459459459	1.93333333333333	2.00213675213675	2
