2167	2165	2166
1:840001-248840000	3.24716147142618	2.40675164296488	2.78688843325792
2:80001-183640000	4.38984137414646	3.73457960962256	4.05393606347296
2:184480001-241960000	4.17062735373693	3.0883849342594	3.46301555753423
3:40001-48520000	4.4734380845492	3.44070165945166	3.95938552188552
3:48640001-60060000	1.42599206349206	1.22072704081633	1.37315848214286
3:60660001-197980000	4.17563100578214	3.45205366768659	4.00032955904226
4:280001-3720000	3.456936226167	2.45794590025359	2.8439349112426
4:3920001-5500000	1.66971080669711	1.30479452054795	1.25941780821918
4:5660001-1.9e+08	3.04635565264133	2.48500410361196	2.71687005251568
5:1-181260000	3.09474632362952	2.5415028423469	2.7893743550942
6:380001-170520000	3.20776577956672	2.42962754580972	2.84520819492214
7:100001-57980000	7.68737773544441	6.14563131625756	6.56715909229932
7:58000001-6.1e+07	7.85555555555556	5.87142857142857	6.26875
7:62560001-159180000	4.53808050642823	3.90059374838192	4.02856858094573
8:260001-145020000	4.26313705718309	2.35830453606889	2.68440774172539
9:260001-19340000	6.11842415664072	5.05531543827722	5.34265525477707
9:22020001-24060000	3.20572057205721	2.46640735502122	2.56280940594059
9:24180001-25900000	5.81746031746032	4.82397959183673	4.87909226190476
9:26780001-74980000	6.16329639252341	5.04752264643926	5.757811909011
9:75160001-124040000	3.41208015805814	2.50560965283658	2.70525508044031
9:124160001-137600000	6.28004022121669	4.73787976729153	5.67849736048265
10:100001-5760000	2.74736415247364	1.96298227320125	2.43704379562044
10:5780001-133500000	3.41084925639181	2.32644443148014	2.65647873439784
11:260001-85120000	5.01142921487487	4.00154728727062	4.20507664048644
11:85720001-96740000	4.85801261143727	4.03117137265865	4.19312622309198
11:96880001-116680000	1.61605705083966	1.2417553978113	1.36160714285714
11:116780001-134900000	4.97191150882426	4.0782598274209	4.02509787472036
12:120001-1320000	3.53107344632768	2.62469733656174	3.01006355932203
12:1500001-133140000	4.64903685306012	3.69264212868904	4.08955065435864
13:18680001-114300000	3.09590787711295	2.42247245758276	2.70296782164907
14:19940001-106860000	3.03945610312033	2.56402634149628	2.77638676019807
15:17000001-19960000	2.95555555555556	2.49642857142857	2.759375
15:22200001-101720000	3.01458623826465	2.38063370426355	2.79192658517356
16:100001-34080000	4.61372436427502	3.59485685936022	4.0865707241185
16:34780001-36100000	3.47494553376906	2.61624649859944	2.57169117647059
16:46400001-90060000	3.30296789184622	2.50022066811515	2.67829134980989
17:120001-21260000	3.2011311417462	2.31252840478715	2.8541887592789
17:22320001-26760000	6.50505050505051	5.2775974025974	5.60795454545454
17:27320001-34260000	3.32302062541584	2.37339606501283	3.03695733532934
17:34420001-36140000	6.08730158730159	4.99447278911565	5.83072916666667
17:37360001-38380000	7.45555555555556	6.38690476190476	7.46666666666667
17:38560001-39640000	4.5761316872428	3.71825396825397	4.94212962962963
17:40660001-41920000	8.00179211469534	6.53859447004608	7.71723790322581
17:46140001-50320000	5.98232323232323	4.77293019480519	6.02006392045454
17:50460001-58280000	4.09825764067409	3.40369078222549	4.1019440874036
17:58440001-59720000	7.41935483870967	6.31797235023042	7.38508064516129
17:59880001-61700000	10.20054200542	9.03789198606272	10.5693597560976
17:61900001-6.4e+07	6.98222222222222	5.82785714285714	7.204375
17:64940001-67520000	4.27646544181977	3.40691788526434	4.4375
17:67640001-69380000	7.22745098039216	6.16638655462185	7.26875
17:71460001-73160000	7.47581699346405	6.41260504201681	7.36139705882353
17:77380001-78680000	6.3965811965812	5.16868131868132	6.46490384615384
17:80560001-81680000	6.23809523809524	5.28507653061224	6.54854910714286
18:200001-80240000	3.13511259382819	2.57516184121689	2.60457499304976
19:240001-24300000	2.76805905990094	2.34404661780608	2.85255466778806
19:24320001-27320000	3.08333333333333	2.94642857142857	2.84375
19:27400001-58560000	2.68973080907618	2.41759701572505	2.62573494996452
20:40001-64220000	2.92407424623157	2.53699448852149	2.70836773279644
21:13780001-46620000	2.68777078965758	2.37619047619048	2.47613993710692
22:10720001-12600000	4.34722222222222	4.25	3.47265625
22:16060001-50580000	2.96199557766722	2.50544154228856	2.90630830223881
