2195	2189	2190	2194	2188	2191	2192	2193
1:840001-103440000	2.44516518936342	3.74066612946548	2.36266116035455	2.91768734891217	2.89139302981467	2.61395380069836	2.38985697018533	2.29177772268022
1:103940001-125060000	4.44156010230179	6.96035805626598	4.25671355498721	5.3457800511509	5.78900255754476	5.27962489343564	4.22378516624041	4.43015935471179
1:145720001-248900000	3.4416890542123	5.76138320589654	3.45081628435627	4.35184955569332	4.36815457739202	3.78294413446304	3.71455879313908	3.3811022620694
2:1-154680000	3.43218369448249	3.68082672585359	3.75394032294764	3.90736032604123	4.23166568949272	4.47089212999208	3.63227366095499	3.30809816986402
2:154980001-166060000	2.33444650587508	2.44341372912801	2.23469387755102	2.73469387755102	2.91581632653061	2.9165120593692	2.93506493506493	2.22591694020266
2:166380001-241880000	3.47768438177874	3.66666666666667	3.69088937093276	3.95027114967462	4.24701735357918	4.29112436731743	4.255897505423	3.35497663941265
3:100001-90300000	2.25790551299457	2.68090789002633	2.45969062778169	2.99926640294283	2.98792291318136	2.87750170652927	2.25609146890846	2.15804921377472
3:90320001-91520000	2.53787878787879	4.66666666666667	2.25	2.4	4.32954545454546	3.33333333333333	2	2.92657342657343
3:93700001-198080000	2.23845800524934	3.50866141732284	2.28991141732283	2.60724409448819	2.78186515748031	2.70538057742782	2.20226377952756	2.15528467595397
4:60001-131680000	2.25188419509955	3.06810012092047	2.2682998585497	2.59226876570314	2.66977068004986	2.34689662659037	2.16092488231853	2.15301364668012
4:131900001-1.35e+08	0.0333333333333333	0	0.5	0	0	0	0	0
4:135100001-189920000	2.14444028453763	3	2.49569449644328	2.58876825159116	2.63857169599401	2.33333333333333	2.03856233620367	2.23753707916943
5:160001-46300000	5.52225767243999	7.49969614099058	5.52654968094804	5.7098450319052	6.26526891522334	6.18945609237314	5.05173199635369	5.53565668606689
5:50260001-58840000	3.43824228028504	5.30958036421219	2.45308788598575	3.0603325415677	3.68171021377672	3.73079968329375	3.86520190023753	3.29490224739631
5:59140001-89300000	2.26307356154406	3.33333333333333	2.02330662782229	2.74129643117262	2.78259286234523	2.32532168001942	2.14785142024763	2.29066054120679
5:89540001-181260000	3.32221971407073	5.33085026335591	2.50079006772009	2.92054176072235	3.84853273137698	3.9875094055681	3.3181151241535	3.37775655495746
6:580001-170480000	2.2328541579287	2.7194740333379	2.368652812779	2.81507703537731	2.90753669403031	2.4049446567837	2.15453400460028	2.24266921725783
7:100001-3280000	6.93055555555556	11.3333333333333	6.55769230769231	7.76153846153846	7.53766025641026	8.33333333333333	6.71474358974359	5.9723865877712
7:3620001-125500000	4.47142512077295	7.61570048309179	4.29279891304348	5.27822463768116	5.61014492753623	5.4774154589372	3.71598731884058	4.31584448160535
7:125840001-159300000	2.23046049852134	3.33333333333333	2.38006970849176	2.48022813688213	2.74786121673004	2.76383607942543	2.0424588086185	2.2308667251633
8:200001-43740000	2.29145884270579	3.72958435207824	2.08838630806846	2.97349633251834	2.88270171149144	2.66927465362673	2.36870415647922	2.15832236223434
8:46020001-88980000	4.36342747726185	8.00015956598053	4.97905696505505	5.30770703685974	7.0001196744854	5.0818573480134	4.19231689803734	4.3424531428361
8:89560001-92140000	4.29059139784946	8	4.75	5.26129032258065	6.87197580645161	4.66666666666667	4.24193548387097	4.25372208436725
8:92460001-103680000	2.29120879120879	4.01465201465201	2.12820512820513	3.05714285714286	2.82005494505495	3	2.63553113553113	2.19526627218935
8:103940001-124360000	4.57330663997331	7.76910243576909	4.76001001001001	5.58598598598599	6.89289289289289	4.66633299966633	4.66666666666667	4.3053053053053
8:124600001-144960000	5.97057239057239	10.2946127946128	7.67575757575757	6.56040404040404	8.23068181818181	6.67542087542088	6.05606060606061	5.73815073815074
9:260001-21060000	2.20409356725146	3.32813515269656	2.04069200779727	2.82612085769981	2.9212962962963	2.33333333333333	2.00292397660819	2.1584195531564
9:21160001-22640000	0.1	0	0.5	0	0	0	0	0
9:22740001-138100000	2.29020967870525	3.29147731802599	2.04400861038029	2.7251853623535	2.81209638842382	2.33333333333333	2.24449892370246	2.16116865674388
10:40001-1900000	2.40459770114943	3	2.05747126436782	2.2	2.7816091954023	2.44827586206897	2.75	2.43589743589744
10:2240001-11580000	4.45873362445415	7.64774381368268	4.47489082969433	5.01048034934498	5.49563318777293	5.32314410480349	4.74563318777292	4.34934497816594
10:11920001-20700000	2.33125	4.38734567901235	2.48379629629629	2.76064814814815	2.66493055555556	2.33333333333333	2.296875	2.00178062678063
10:21040001-108020000	4.61765738650614	7.94774684390936	4.87478053674442	5.31617757712566	5.45247052921996	4.93077501881114	4.46450965638324	4.30259883081553
10:108340001-133440000	5.73615405478709	10.9229726064551	5.9853539462978	5.98470301057771	6.83614727420667	5.18117710876051	5.31326281529699	5.34217938286287
11:260001-25080000	2.28740554156171	3.66274839070809	2.26889168765743	2.7823677581864	2.79596977329975	2.66666666666667	2.63581024349286	2.22973583930763
11:25220001-34940000	8.2819649122807	16.4238596491228	8.76736842105263	10.2568421052631	9.825	9.41473684210526	7.89684210526316	7.86186234817814
11:35180001-39940000	7.17189265536723	13.6610169491526	6.66313559322034	9.05338983050847	8.26271186440678	7.86723163841808	6.55508474576271	6.5026075619296
11:40240001-50800000	4.59105058365759	9	4.74951361867704	5.14863813229572	5.42266536964981	5.69779507133593	4.59484435797665	4.38925471415744
11:55680001-67640000	2.3240614334471	4.38225255972696	2.544795221843	2.44129692832764	2.60900170648464	2.66666666666667	2.46117747440273	2.22840640588081
11:67960001-71420000	7.01936127744511	10.5788423153693	5.58982035928144	2.38443113772455	6.8308383233533	8.1497005988024	7.48053892215569	6.08982035928144
11:71900001-73080000	4.95593220338983	9.66666666666667	4.02542372881356	2.6	5.29661016949153	6.11299435028249	5.40254237288135	4.8135593220339
11:74040001-78160000	11.5858784893268	15.9096880131363	9.02216748768474	2.65615763546798	11.375	13	13.6711822660099	10.1405835543767
11:79680001-81520000	4.6018115942029	8.18115942028986	3.75271739130435	2.2	5.00135869565217	5.67391304347826	4.5	4.70234113712375
11:82440001-88280000	2.29007092198582	5.10047281323877	2.1604609929078	2.45460992907801	2.63829787234042	2.69148936170213	2.09574468085107	2.15711947626841
11:88580001-91520000	4.21182795698925	6.83333333333333	3.32862903225806	2.2	5.11189516129032	5.33333333333333	3.80241935483871	3.97890818858561
11:91780001-135020000	2.25849116161616	4.79103535353535	2.36434659090909	2.40047348484848	2.72520123106061	2.76878156565657	2.31344696969697	2.23142482517482
12:60001-34500000	2.19122282066627	3.20287253141831	2.3016157989228	2.69646918013166	2.75351585876721	2.67344903251546	2.1295631358468	1.99884914606638
12:37300001-38740000	4.14272300469484	7.33333333333333	3.70774647887324	4.1887323943662	7.15316901408451	5.16431924882629	2.99295774647887	4.24268689057421
12:38980001-64780000	2.45144523998939	3.16706443914081	2.39240254574383	3.26141607000795	2.78579952267303	2.66666666666667	2.42760540970565	2.08255308732636
12:65200001-67260000	4.38933333333333	7.66666666666667	4.9575	4.276	6.94875	5.89333333333333	3.5	4.34692307692308
12:67500001-94860000	2.31284748309542	3.63561232156273	2.23478587528174	2.47798647633358	2.8032494365139	2.66240921612822	2.15232907588279	2.0777321851702
12:95100001-101060000	4.6135166093929	7.71134020618557	4.89432989690722	5.07216494845361	6.68556701030928	5.34020618556701	4.71735395189003	4.22706846418187
12:101320001-133240000	2.40704883227176	3.38131634819533	2.36162420382166	2.45732484076433	2.8015923566879	2.99957537154989	2.46687898089172	2.07462028417442
13:18220001-81320000	2.2610747051114	2.42311052861512	2.31151703800787	2.65176933158585	2.55156454783748	2.48274355613805	2.22092070773264	2.14394092146386
13:81620001-114180000	1.13274336283186	1.34745048461863	1.00173830594184	1.38128950695322	1.39451643489254	1.322798145807	1.03776864728192	1.0694836137314
14:19840001-32740000	3.37082666666667	4.07946666666667	5.1988	2.99552	3.578	4.36053333333333	3.3288	3.52763076923077
14:33400001-38400000	3.38674863387978	4	5.0983606557377	2.92459016393442	3.33504098360656	4	3.60963114754099	3.43190416141236
14:38760001-46960000	2.02558922558923	2.28619528619529	2.15214646464646	1.61313131313131	2.17392676767677	2.66666666666667	1.96654040404041	2.13170163170163
14:47720001-49340000	1.83679653679654	2.32467532467532	1.59090909090909	1.29350649350649	2.30032467532468	2.44588744588745	1.89610389610389	1.93906093906094
14:49680001-51460000	4.61722846441948	5.93632958801498	5	4.32134831460674	4.43820224719101	4.64794007490637	4.82022471910112	4.02420051858254
14:51580001-60680000	3.47426636568849	5.80060195635816	3.48589164785553	2.84695259593679	4.04542889390519	4.02031602708804	3.56772009029345	3.28702899808995
14:60680001-106680000	3.51506666666667	4.18503703703704	3.51788888888889	2.73155555555556	3.96755555555555	4.01703703703704	3.38266666666667	3.31846153846154
15:19940001-44280000	2.39232638888889	2.66840277777778	2.2375	2.4925	2.725	2.3375	2.234375	2.16378205128205
15:44660001-51940000	4.90212560386473	6.60193236714976	4.97028985507246	6.18898550724638	5.32644927536232	4.66666666666667	4.77971014492753	4.07558528428094
15:52220001-79280000	2.39381313131313	4.33409090909091	2.41420454545455	2.94984848484849	2.63532196969697	2.39646464646465	2.41363636363636	2.00705128205128
15:79780001-101780000	3.45752325954443	5.46454924606994	3.87102983638114	3.99769008662175	3.9723291626564	3.78729547641963	3.50938402309913	3.15969497297698
16:100001-13700000	4.57297024710035	6.64901664145234	4.25605143721634	3.87534039334342	5.01512859304085	4.45184064548664	5.05786686838124	3.81170720353776
16:13980001-30060000	2.42282704424271	5.02360193605088	2.50737472423574	2.71059297579424	2.84437129591907	2.66902866923406	2.13994073470517	2.15487866963811
16:30640001-34220000	4.55324074074074	7.33333333333333	4.28125	4.06111111111111	4.72395833333333	5.21296296296296	5.26388888888889	4.36111111111111
16:34580001-36200000	4.43128205128205	8.33333333333333	4.25	4.11692307692308	5.375	5.33333333333333	4.37307692307692	4.47455621301775
16:46400001-88620000	4.52117627731231	7.22556267455232	4.28486939379004	4.05638245441104	5.15931493346476	5.48825365533104	5.26786594381469	4.04977821586989
16:88880001-90060000	2.37401129943503	3.45762711864407	2.38559322033898	2.82033898305085	2.5021186440678	1.66666666666667	2.5	2.07692307692308
17:120001-35580000	2.32925743733895	2.73951745139377	2.56201686577653	2.82375263527758	2.76774420238932	3.31763879128601	3.1268446943078	2.0813557489594
17:36160001-82980000	4.90772577257726	5.31623162316232	4.78060306030603	5.91755175517552	5.28139063906391	5.66666666666667	5.78251575157516	4.13234785016963
18:240001-80140000	2.21274619100706	3.36566332218506	2.03253901895206	2.6731884057971	3.03842670011148	2.74024526198439	2.01470178372352	2.08039619243633
19:1080001-3360000	2.64424778761062	3.33333333333333	2.76548672566372	3.81238938053097	2.66592920353982	2.37463126843658	2.7787610619469	2.29952348536419
19:3420001-8040000	2.72982456140351	3.89181286549708	2.875	3.5921052631579	2.97587719298246	2.83187134502924	2.85416666666667	2.43117408906883
19:8520001-10300000	3.63527131782946	5.91860465116279	4.24127906976744	4.2046511627907	4.67877906976744	3.66666666666667	4.2703488372093	3.76296958855098
19:10300001-14080000	3.72943262411348	5.62943262411347	3.97340425531915	4.54574468085107	3.90625	3.3758865248227	3.63696808510638	3.33551554828151
19:14380001-16980000	5.86974358974359	9.46153846153846	6	7.4	6.93653846153847	5.66666666666667	5.86538461538461	5.18994082840237
19:16980001-18440000	5.86438356164384	9	5.41780821917808	7.48493150684932	6.23801369863014	6.20091324200913	6.25	4.63013698630137
19:19320001-24140000	3.35676429567643	5.59274755927476	3.30334728033473	3.72050209205021	4.49267782426778	3.33193863319386	2.96338912133891	3.27421950434503
19:24360001-27280000	5.425	9.66666666666667	6	4.4	9	10.3333333333333	4	6.55769230769231
19:27420001-38080000	5.63681495809155	9.39200515796261	6.28143133462282	6.15241779497098	7.15135396518375	7.00709219858156	5.07640232108317	5.54128849873531
19:38360001-49460000	5.37862453531598	6.51486988847584	5.43912639405205	6.97992565055762	5.69098513011153	5.8184634448575	5.24953531598513	4.35458964826995
19:49660001-53780000	6.19276094276094	10.4276094276094	7.75	6.10909090909091	7.70896464646466	7.57239057239057	4.88888888888889	6.13480963480964
19:54420001-58560000	4.74803921568627	7.45098039215686	4.61764705882353	5.41078431372549	5.67892156862745	5.76960784313725	4.12745098039215	4.30505279034691
20:40001-14520000	4.61465149359886	7.03271692745377	4.2549786628734	5.86145092460882	5.09210526315789	4.94262683736368	4.65362731152205	4.2914979757085
20:15200001-64220000	4.62555406812435	7.47999405027518	4.87539045069165	6.6826416778224	5.22138554216868	4.95864941246467	4.75278893351182	4.29471733086191
21:10680001-30840000	2.08088523305915	3.77007442224834	2.03760282021152	2.63360752056404	2.68904230317274	2.33333333333333	1.53848413631022	1.92135948657688
21:31120001-46660000	4.62073669849932	5.30695770804911	4.25989085948158	4.70068212824011	4.46180081855389	5.00227376080036	4.47510231923602	4.05813831461853
22:16140001-50620000	2.37162190297731	3.01270039558609	2.4077139287945	2.88732042473454	2.77482823235478	2.36289818863211	2.17317301686446	2.14779224523135
