2175	2172	2174	2176	2182	2173	2181	2177	2178	2179	2180
1:840001-29060000	4.4845621257485	3.64482035928144	2.77806886227545	3.56452095808383	4.56822070145423	3.8315868263473	2.76457085828343	3.00693612774451	4.18687624750499	3.06029320669007	2.84306387225549
1:29060001-143700000	3.0212373167982	3.38244870349493	2.54878804960541	3.63397970687711	4.85807698502174	3.67632468996618	2.6608793686584	2.73767756482525	4.40939496429914	2.93580842047973	2.70360766629087
1:145680001-208240000	3.18471310058762	3.50521949533356	2.55301590044936	3.79374351883858	5.11920398992642	3.62962322848254	2.72874755156124	2.67039981564696	4.66839497637977	3.0076999177563	2.74541997926028
1:208240001-218100000	3.16956967213115	3.46508196721311	1.94748975409836	3.32459016393443	4.85714285714286	3.61372950819672	2.59972677595628	2.85286885245902	4.22814207650273	2.83988128886377	2.56181693989071
1:218520001-248400000	4.39501748251748	3.96903496503497	3.66258741258741	4.38762237762238	6.76623376623376	5.58076923076923	3.50713286713287	3.13365967365968	4.80815850815851	3.97325777670605	3.74615384615385
2:60001-32840000	3.4467721911856	3.49221601489758	2.60870577281192	3.53463687150838	4.77502881972156	3.61980136561142	2.78593006414235	2.78104696875647	4.49762052555349	3.02482929857231	3.17380509000621
2:32900001-88960000	3.12627409191994	3.48440326167532	2.63968680504077	3.64681245366938	4.95615800063539	3.57431430689399	2.79817148505065	2.70775883370398	4.2510501606128	2.97810638787352	3.18859649122807
2:91820001-242020000	3.10856063860252	3.40766895761741	2.58440721649485	3.5321735395189	4.51272295859925	3.59385738831615	2.7754104620084	2.68470790378007	4.64509354715541	2.86114567286803	2.58008781977854
3:40001-95980000	2.95124123191583	3.34474353353792	2.44791209995616	3.40032880315651	4.8743345650404	4.03912757562473	2.63660675142481	2.63849188952214	4.57387110916265	2.8326732074559	2.59776413853573
3:96220001-107820000	2.92352552816901	4.60450704225352	3.64524647887324	3.69330985915493	6.16146881287726	6.06778169014085	2.59213615023474	2.44260563380282	5.95774647887324	3.95695726080622	3.59976525821596
3:107820001-147360000	3.03746097814776	5.18118626430801	3.86426899063476	4.42726326742976	6.17020960309202	6.60561914672217	3.86739507457509	2.59784946236559	6.4190079778009	4.35622017295203	3.8976760319112
3:147800001-159400000	4.35206117021277	6.85858156028369	5.27304964539007	6.33457446808511	9.13019250253292	8.58156028368795	5.48640661938534	3.87588652482269	9.45744680851064	5.80759354365371	5.31412529550827
3:159560001-162760000	4.48998397435897	5.40153846153846	4.07371794871795	5.9	7.81135531135532	6.75320512820513	5.34871794871795	3.91196581196581	6.66666666666667	4.63837312113174	4.47222222222222
3:162880001-189880000	4.49853330809992	5.47152157456472	3.88351627554883	5.98591975775927	7.62398615767276	6.4216502649508	5.25490789805703	4.04340146353772	6.59449911683068	4.48502962750268	4.09109260661115
3:189880001-197960000	4.76207571801567	6.14297650130549	4.35802872062663	6.07806788511749	7.48675867213726	6.61357702349869	4.44177545691906	4.36675369886858	6.67188859878155	4.5787341316287	4.38729329852046
4:200001-32740000	1.46517630241423	1.68764930114358	1.29828462515883	1.62789072426938	2.37338899981848	1.54320203303685	1.24773401101228	1.32570944515036	1.96378653113088	1.39164439381326	1.30474375264719
4:33240001-5.7e+07	3.0116474543708	3.49052833813641	2.81508165225744	3.47982708933718	4.77370660079594	3.50528338136407	2.72840217739353	2.60089657380724	4.47550432276657	2.86362582397562	2.63304514889529
4:57260001-86680000	2.88940274841438	1.74539816772375	1.37121212121212	3.11501057082452	3.53216550890969	1.73255813953489	2.61348367394879	2.71759455015269	2.23396758280479	1.53971956939078	1.39628846605591
4:86940001-115240000	2.97589869281046	3.30088598402324	2.6381626724764	3.39941902687001	4.77808901338313	3.52432824981845	2.68966351972888	2.53163882837085	4.35415153715807	2.75256053890266	2.29000242072137
4:115480001-117740000	2.81869369369369	1.68324324324324	1.25675675675676	3.03063063063063	3.91634491634492	2.02702702702702	2.4954954954955	2.4	2	1.68903386144765	1.02552552552552
4:118000001-149400000	2.93762450199203	3.24329349269588	2.55237383798141	3.33638778220452	4.69986719787517	3.48339973439575	2.6937583001328	2.53979637007525	5.58277999114653	2.76603929111142	2.38933156263833
4:149800001-151660000	4.22708333333333	5.30222222222222	4.44027777777778	5.41222222222222	7.56190476190477	5.45555555555555	4.16666666666667	4.02	8.91481481481481	4.46666666666667	3.69259259259259
4:152080001-163680000	2.76173245614035	3.21031578947368	2.72719298245614	3.4578947368421	4.71729323308271	3.4359649122807	2.89251461988304	2.45286549707602	5.9953216374269	2.76164549304295	2.63070175438596
4:164020001-189880000	1.41038676236045	1.58162679425837	1.28708133971292	1.73301435406699	2.36409204830257	1.63995215311005	1.41998936735779	1.19016480595428	3.08320042530569	1.3664136831106	1.24548112706008
5:100001-23160000	4.61883720930232	4.77205581395349	3.78686046511628	5.31739534883721	6.71681063122924	4.90697674418604	3.77562790697674	3.55069767441861	6.28868217054264	3.97283079390537	3.63333333333333
5:23520001-180920000	3.27573279379761	3.37870511425463	2.62670021762786	3.66915125136018	4.70480335768693	3.53400435255713	2.54134022488212	2.69469532100109	4.88379579252811	2.78836159993997	2.51645810663765
6:400001-18320000	3.37606534090909	5.09681818181818	4.42613636363636	5.21079545454546	7.27694805194806	5.29431818181819	3.96583333333333	4.15325757575758	6.78977272727273	4.26383228840125	3.96268939393939
6:18320001-111260000	4.4021621467639	5.14581586144029	4.35599931631723	4.97231084776664	7.12482094022659	4.79580674567001	4.07332117897296	3.95013673655424	6.44606502582801	4.25607456071417	3.92035095715588
6:111720001-122460000	3.0099377394636	3.24704980842912	2.74018199233717	3.32222222222222	5.12452107279694	2.43007662835249	2.62618135376756	2.58007662835249	4.10408684546616	2.77031311930242	2.55906768837803
6:122940001-148380000	4.49485	5.04272	4.2032	5.02024	7.26537142857143	3.7952	4.04805333333333	4.10053333333333	6.83386666666667	4.26582068965517	3.90746666666667
6:148800001-170480000	2.89526228733459	3.29996219281664	2.77469281663516	3.33412098298677	4.86173372940859	1.81332703213611	2.62199117832388	2.73906742281033	4.62507876496534	2.88393846554983	2.53969754253308
7:120001-100780000	4.32697105788423	3.56760257263251	4.34880239520958	4.04737192282102	6.6005132591959	5.58848968729208	3.87933762105419	2.88976121830413	4.52872033710357	4.05769304303271	3.96336955718193
7:101120001-159300000	3.14220949115843	3.50410682064237	3.06238722482858	3.1168892096716	4.80837242872609	4.66582461205341	2.7740647179117	2.63397088896908	3.8300252616384	2.9068430418497	2.64802117165885
8:200001-6300000	2.62633451957295	3.05266903914591	2.3914590747331	3.25053380782918	4.43162175902389	3.00355871886121	2.51079478054567	2.3632265717675	4	2.64474168609645	2.33985765124555
8:6300001-12560000	2.9670907079646	3.71061946902655	2.88108407079646	3.75044247787611	4.9102402022756	3.49115044247787	2.77699115044248	2.74778761061947	4.21533923303835	2.89792493133964	2.75958702064897
8:12600001-122560000	2.83527472006073	3.38050483962801	2.64644619472386	3.57971152021257	4.73941924463845	3.23163788195103	2.60218890365028	2.57756690074018	4.39900044284178	2.71972696513766	2.52925918896691
8:122980001-126020000	4.95666666666667	5.85386666666667	4.715	5.416	7.20761904761905	5	4.45155555555556	4.63555555555556	8.12888888888889	4.86528735632184	4.37444444444445
8:127220001-138180000	7.72893126177024	7.69235404896422	6.72057438794727	8.03239171374765	12.3973634651601	8.28248587570624	6.35329566854991	6.64180790960452	11.5317011927181	6.94661991038379	5.65819209039548
8:138300001-144940000	7.49637957317073	6.87341463414634	5.50838414634146	7.66981707317073	10.5627177700348	6.80030487804878	6.5890243902439	7.51361788617886	9.1808943089431	6.01587468460892	5.22865853658536
9:280001-40920000	3.23705192409067	3.37634159198735	2.68753294675804	3.44765419082762	4.52428646735447	2.74248813916711	2.45443683008259	2.60312774556317	4.05956773853453	2.78765019177285	2.50035143208575
9:42680001-65440000	3.54464285714286	3.33142857142857	2.375	3.28571428571429	4.57142857142857	3	2.47619047619048	2.7047619047619	4	2.88916256157635	2.83333333333333
9:68400001-81520000	3.73767605633803	3.12857589984351	2.49569640062598	3.54600938967136	4.58618376928236	2.71283255086072	2.54595722483046	2.58362023995827	3.83359415753782	2.92115913874049	2.53651538862806
9:82000001-101220000	1.80037006578947	1.78635964912281	1.40446820175439	1.86206140350877	2.43389724310777	1.94243421052632	1.32945906432749	1.3469298245614	2.13852339181287	1.60545220810647	1.25402046783626
9:101680001-112280000	3.23353365384615	3.54546153846154	2.56875	3.54846153846154	4.86208791208791	4.09615384615384	2.95333333333333	2.70269230769231	4.13269230769231	3.0434350132626	2.53910256410257
9:112720001-122080000	1.81606359649123	1.74315789473684	1.32236842105263	1.7984649122807	2.27725563909774	1.5921052631579	1.33216374269006	1.29020467836257	1.66666666666667	1.60238959467635	1.39327485380117
9:122500001-138080000	3.05915032679739	3.68203921568627	2.68872549019608	3.87385620915033	4.63361344537815	4.5	2.96531590413943	2.840348583878	4.29063180827887	3.12458868604913	2.5318082788671
10:40001-41820000	2.81243469174504	3.34698014629049	2.84508881922675	3.54754440961338	4.89834303627407	4.22962382445141	2.6007662835249	2.53012887495646	3.53117380703588	2.72628184340432	2.49468826192964
10:42060001-133540000	2.89885542974848	3.49010956786216	3.02599228819996	3.41522018775975	4.74477190394697	4.19083080310611	2.67519912972037	2.74717852798604	4.42922993880661	2.89341827158398	2.61307510013868
11:240001-27620000	3.45244668697639	3.54339680121858	2.58168316831683	2.85338918507235	4.2059623544772	3.74714394516375	2.67793856308708	1.33414572226454	5.02157908098502	2.71620663392599	2.76224930185326
11:27620001-50760000	4.4215026478376	3.43879964695499	2.51379082082966	4.0207413945278	5.1854747194553	3.5	2.851662253604	2.71503383348043	4.90732568402471	2.79745564111148	2.67549279199765
11:54620001-6e+07	4.5859375	4.51621212121212	3.21922348484848	4.87462121212121	6.76785714285714	5.28787878787879	3.87020202020202	3.85959595959596	5.61363636363636	3.79663009404389	2.73800505050505
11:60140001-134900000	4.6605078447564	3.467591522158	2.97419488026425	5.6197357555739	6.32153670716842	3.60129369666942	3.98665932654372	4.9943848059455	4.58500779888063	3.00865628292377	2.64226075786769
12:120001-6480000	3.07435691318328	3.36784565916399	2.39549839228296	3.63890675241158	4.83004134129536	4.21704180064309	2.7924973204716	2.81071811361201	4.5112540192926	2.91052223084599	2.47534833869239
12:6960001-12540000	4.63668893129771	4.82992366412214	2.95324427480916	4.87709923664122	7.06761177753544	5.73091603053435	3.80916030534351	4.14605597964377	5.92239185750636	4.13608844432745	3.62595419847328
12:13000001-45540000	4.69892564802183	4.95784447476126	2.90765688949522	4.94590723055935	7.42944845059443	5.68349249658936	3.90336516598454	4.03515234197363	6.09390632105503	4.17349578962224	3.51705320600273
12:45960001-67620000	3.2746679316888	3.70470588235294	1.85483870967742	3.48956356736243	4.88018433179723	3.34440227703985	2.8437697659709	2.59879822896901	3.86369386464263	3.08434207943467	2.88092979127135
12:68100001-133060000	4.56261803588291	5.07072080579163	2.63192477179729	5.70044066729619	7.16264220513512	4.54973245199874	3.92911551778407	3.71780505718183	4.83380547686497	4.29714651644905	3.9480117511279
13:18720001-71260000	3.09244026635331	3.16424598511555	2.400607128868	3.53008225616921	4.75065748978792	3.56169212690952	3.69468599033816	2.54135004569787	3.96422509465988	2.78739008873941	2.69872045959002
13:71720001-114260000	4.51912403474904	4.7334555984556	3.80948359073359	5.18470077220077	7.07811638168781	5.25651544401544	4.85151222651223	3.76309523809524	6.34379021879022	4.14318998801757	3.91875804375805
14:20060001-93560000	2.8963550361714	3.55433500278241	2.9622287145242	3.80614913745131	4.84176007631767	3.6949081803005	2.71161194583565	2.66249304396216	4.64997217584864	2.9208546811736	2.6315618623632
14:94000001-106660000	1.52222675367047	1.86557911908646	1.66904567699837	1.73817292006525	2.42857142857143	2	1.26199021207178	1.44991843393148	2.42305600870038	1.44827586206897	1.44399129961936
15:22820001-101840000	2.86990278152849	3.58214420739941	2.92931406967324	3.74315419929787	4.45071563597083	4.25627869295166	2.59515707984517	3.1538752362949	4.49770456386714	2.94853194520752	2.588171752633
16:20001-78840000	2.8546253075634	3.5484649021122	2.40405271612632	3.2524409308046	4.70848740725366	4.98520741427975	2.68183218316636	2.74422643576858	4.36695977869253	2.907837979117	2.7015656798263
16:79200001-89840000	2.92205459770115	3.51770114942529	2.49401340996168	4.11934865900383	4.92474001094691	4.92337164750958	2.63742017879949	4.08097062579821	4.43997445721584	2.91082045184304	2.56417624521073
17:500001-15320000	3.26892361111111	5.37505555555556	4.25086805555556	5.10166666666667	5.98948412698413	5.52013888888889	3.92712962962963	3.38916666666667	6.04814814814815	4.37255747126437	4.11226851851852
17:15320001-21280000	5.05610465116279	5.77860465116279	4.31686046511628	5.51302325581395	6.4265780730897	5.75581395348837	4.43782945736434	3.95565891472868	6.49612403100775	4.81010425020048	4.54651162790698
17:22140001-82940000	3.17505090707146	3.67582376897445	3.05784894483525	3.47160310995928	4.58480985878246	3.83283968900408	2.75715167222017	2.96680241885721	4.84548932494138	2.99264640171584	2.68881895594224
18:300001-14780000	1.58023897058823	1.75964705882353	1.5702205882353	2.04823529411765	2.42941176470588	1.5	1.22990196078431	1.28558823529412	2.04460784313726	1.43433062880325	2.51200980392157
18:21120001-24120000	3.50713087248322	4.11328859060403	3.38003355704698	3.74563758389262	4.53499520613615	4	3.12796420581655	3.20715883668904	5.23713646532438	3.27863920388799	4.12975391498882
18:24500001-29920000	1.51687262357414	1.54798479087452	1.50570342205323	2.02737642585551	2.42857142857143	1.5	1.25297845373891	1.21216730038023	2.33333333333333	1.32516061360955	2.36121673003802
18:30240001-36440000	3.15480132450331	3.42145695364238	2.78311258278146	3.48609271523179	4.70624408703879	3.61258278145695	2.65938189845475	2.63465783664459	4.84988962472406	2.83295272893355	3.28311258278146
18:36760001-80040000	1.60619103773585	1.70283018867925	1.5060141509434	2.01382075471698	2.42553908355795	1.64952830188679	1.30446540880503	1.29820754716981	2.36367924528302	1.40487963565387	2.52672955974843
19:420001-24200000	3.16898936170213	3.6036085106383	2.87670212765958	3.52893617021277	4.21689969604863	4.2931914893617	2.74740425531915	2.83648226950355	4.36709219858156	2.88754218635363	2.92581560283688
19:27400001-43180000	6.39952737940026	6.96521512385919	5.57464146023468	6.65345501955671	9.07990314769975	7.63624511082138	5.16549326379835	5.39800086918731	7.6910039113429	5.65971316818775	5.17014341590613
19:43240001-58300000	6.55349864130435	7.25364130434783	5.27122961956522	6.94578804347826	8.38412267080745	6.95448369565217	5.36041666666667	5.96766304347826	7.71331521739131	5.90634370314842	5.26403985507246
20:180001-26260000	3.008681925809	3.41815311760063	2.67275059194949	2.58358326756117	4.06979366332168	4.23677979479084	2.43783214943436	1.51739016048408	4.22573007103394	2.86375636175598	2.63693764798737
20:28760001-30980000	5.24813432835821	3.11522388059701	2.5	5.12388059701493	5.93390191897655	3.5	4.68756218905473	3.81691542288557	4.27860696517413	3.06845084920226	2.57213930348259
20:31140001-44880000	5.97858197932053	3.8031905465288	2.94516248153619	5.8546528803545	6.01856931842161	4.40251107828656	5.37715411127523	4.67001477104874	4.27178729689808	3.34436917434931	2.80846873461349
20:45040001-64140000	5.85385737009544	5.28279957582185	4.06601272534464	6.02110286320254	7.15164369034995	6.04082714740191	5.21788617886179	4.23195475433015	7.83810533757512	4.52824807108641	3.92983386355603
21:13900001-46660000	2.83822601010101	3.29189393939394	2.77533143939394	3.71849747474747	4.82377344877345	2.80271464646465	2.67445286195286	2.60904882154882	4.12731481481482	2.7888148728666	2.52725168350168
22:10700001-50580000	3.09609423434594	3.56619962802232	2.49349039057656	3.56057036577805	4.46461783721548	4.37228766274024	2.77206034304608	2.90808018185576	3.89729282909692	3.01500737541954	2.64631122132672
