0.346573590279973
0.277258872223978
0.154032706791099
0.198042051588556
0.346573590279973
0.693147180559945
0.462098120373297
0.346573590279973
0.462098120373297
0.462098120373297
0.277258872223978
0.462098120373297
0.346573590279973
0.346573590279973
0.277258872223978
0.154032706791099
0.462098120373297
0.319914083335359
0.462098120373297
0.231049060186648
0.277258872223978
0.231049060186648
0.231049060186648
0.346573590279973
0.346573590279973
0.462098120373297
0.138629436111989
0.346573590279973
0.346573590279973
0.154032706791099
0.433216987849966
0.346573590279973
0.462098120373297
0.346573590279973
0.462098120373297
0.231049060186648
0.277258872223978
0.346573590279973
0.166355323334387
0.346573590279973
0.462098120373297
0.502584058412045
