0.978560725496393
0.978560725496393
0.978560725496393
0.978560725496393
0.978560725496393
0.978560725496393
0.978560725496393
0.978560725496393
0.978560725496393
0.978560725496393
0.978560725496393
0.519860385419959
0.519860385419959
0.519860385419959
0.519860385419959
0.519860385419959
0.693147180559945
0.693147180559945
0.693147180559945
0.693147180559945
0.693147180559945
0.353947496456142
0.353947496456142
0.353947496456142
0.353947496456142
0.353947496456142
0.353947496456142
0.353947496456142
0.353947496456142
0.353947496456142
0.353947496456142
0.462098120373297
0.462098120373297
0.462098120373297
0.462098120373297
0.616130827164396
0.616130827164396
0.616130827164396
0.616130827164396
0.616130827164396
0.616130827164396
0.616130827164396
0.616130827164396
0.616130827164396
0.616130827164396
0.616130827164396
0.616130827164396
0.353947496456142
0.353947496456142
0.353947496456142
0.353947496456142
0.286819522990322
0.286819522990322
0.286819522990322
0.286819522990322
0.224804490992415
0.224804490992415
